2.0607194900512695
1.275583028793335
1.313474416732788
1.2480347156524658
1.2367823123931885
1.295464277267456
1.233672857284546
1.2234671115875244
1.2889790534973145
1.2354235649108887
1.3604331016540527
1.283902645111084
1.273876667022705
1.2537379264831543
1.3085072040557861
1.317903995513916
1.318498134613037
1.2931106090545654
1.2930712699890137
1.2800381183624268
1.2839617729187012
1.2494175434112549
1.3110170364379883
1.2457377910614014
1.3473145961761475
1.2969701290130615
1.2784428596496582
1.2460157871246338
1.3657562732696533
1.3086702823638916
1.2804999351501465
1.3796453475952148
1.3089914321899414
1.2999331951141357
1.263139247894287
1.2902727127075195
1.3003864288330078
1.2991082668304443
1.3159480094909668
1.312087059020996
1.3655433654785156
1.280029535293579
1.2587659358978271
1.2925972938537598
1.2922704219818115
1.247102975845337
1.2567026615142822
1.324538230895996
1.444549322128296
1.2249059677124023
1.3150558471679688
1.2872865200042725
1.325758934020996
1.316025733947754
1.4312965869903564
1.4224853515625
1.3803224563598633
1.3071057796478271
1.334317684173584
1.2891669273376465
1.2845680713653564
1.2596845626831055
1.33223295211792
1.2816259860992432
1.232717752456665
1.3145942687988281
1.3029053211212158
1.249129295349121
1.2384929656982422
1.3231003284454346
1.3006644248962402
1.2873420715332031
1.2814223766326904
1.2881078720092773
1.2455732822418213
1.3389387130737305
1.1811583042144775
1.3732633590698242
1.2852892875671387
1.27876877784729
1.263514518737793
1.2055776119232178
1.3096911907196045
1.2896721363067627
1.369591236114502
1.2980542182922363
1.279477596282959
1.263427495956421
1.3588974475860596
1.304030179977417
1.2486827373504639
1.378127098083496
1.2893974781036377
1.290541172027588
1.263157606124878
1.3552255630493164
1.2898151874542236
1.2944762706756592
1.3332808017730713
1.2876150608062744
1.281231164932251
1.2463679313659668
1.3243520259857178
1.324510097503662
1.284954309463501
1.359086275100708
1.2958552837371826
1.1962006092071533
1.2831804752349854
1.3629546165466309
1.281137228012085
1.2786834239959717
1.4014036655426025
1.2530148029327393
1.2433667182922363
1.340505599975586
1.3195726871490479
1.3080799579620361
1.4318184852600098
1.2800474166870117
1.2905843257904053
1.248497724533081
1.3240268230438232
1.285698413848877
1.285837173461914
1.3541593551635742
1.3086378574371338
1.279149055480957
1.142608404159546
1.366501808166504
1.3304016590118408
1.3108620643615723
1.333613395690918
1.2826387882232666
1.1876530647277832
1.2405962944030762
1.3945918083190918
1.1855857372283936
1.1441192626953125
1.2807424068450928
1.1826059818267822
1.2518651485443115
1.391038179397583
1.1901123523712158
1.2976112365722656
1.2015504837036133
1.3039147853851318
1.297623872756958
1.2529711723327637
1.3733799457550049
1.2590296268463135
1.2815513610839844
1.284677267074585
1.2800605297088623
1.322502851486206
1.3031582832336426
1.143686056137085
1.304650068283081
1.3079359531402588
1.2584507465362549
1.2538506984710693
1.346555471420288
1.2810494899749756
1.2939691543579102
1.2886161804199219
1.3194870948791504
1.249035120010376
1.2545578479766846
1.2083501815795898
1.2231569290161133
1.2773034572601318
1.282172441482544
1.2476167678833008
1.3266990184783936
1.2200751304626465
1.2829866409301758
1.375664234161377
1.2925083637237549
1.298142671585083
1.2462732791900635
1.3055837154388428
1.296764612197876
1.303950548171997
1.3166708946228027
1.2806870937347412
1.2754626274108887
1.2712593078613281
1.3076488971710205
1.2928040027618408
1.3249790668487549
1.3150920867919922
1.329192876815796
1.250213861465454
1.2613856792449951
1.2137870788574219
1.174731731414795
1.3773481845855713
1.292661190032959
1.300875186920166
1.2435188293457031
1.3668091297149658
1.3022565841674805
1.2819795608520508
1.2915863990783691
1.1862258911132812
1.2942099571228027
1.2560830116271973
1.3112874031066895
1.3068211078643799
1.2572760581970215
1.2854163646697998
1.3239598274230957
1.25309419631958
1.2591946125030518
1.3083302974700928
1.2949309349060059
1.3169047832489014
1.3857507705688477
1.2817718982696533
1.2486629486083984
1.1453602313995361
1.2991812229156494
-7524.654127597809
1.3120579719543457
1.3535676002502441
1.4439122676849365
1.306352138519287
1.1499009132385254
1.3779633045196533
1.3060853481292725
1.294330358505249
1.1429722309112549
1.328805685043335
2.3671367168426514
1.3152642250061035
1.2799835205078125
1.1600666046142578
1.195570945739746
1.2137036323547363
1.1490716934204102
1.2900888919830322
1.2483417987823486
1.2942726612091064
1.2887914180755615
1.289541244506836
1.250105619430542
1.2880761623382568
1.3152923583984375
1.2005772590637207
1.3558850288391113
1.3081257343292236
1.2896196842193604
1.2507777214050293
1.349421501159668
1.3043413162231445
1.2971699237823486
1.2902309894561768
1.282602310180664
1.3116250038146973
1.249631643295288
1.3093681335449219
1.3567476272583008
1.2783305644989014
1.2891204357147217
1.2985560894012451
1.316953182220459
1.1473712921142578
1.2862155437469482
1.3077187538146973
1.321225881576538
1.276996374130249
1.278813362121582
1.2692265510559082
1.215125322341919
1.1875905990600586
1.2594690322875977
1.1936476230621338
0.3371145725250244
0.2730374336242676
0.28877830505371094
0.2886233329772949
0.3220798969268799
0.29609203338623047
1.2531559467315674
1.3521556854248047
1.35849928855896
1.2697606086730957
1.2845144271850586
1.3275930881500244
1.286557912826538
1.2214405536651611
1.348313808441162
1.2959182262420654
1.3743267059326172
1.2353286743164062
1.2918195724487305
