10.320057392120361
3.2532553672790527
1.3156585693359375
1.1829979419708252
1.1739475727081299
1.1413021087646484
1.1852517127990723
1.1412286758422852
1.188286542892456
1.1905686855316162
1.1455388069152832
1.1689670085906982
1.1211893558502197
1.2517657279968262
1.1428892612457275
1.2566444873809814
1.2118911743164062
1.156980037689209
1.1393513679504395
1.1847689151763916
1.1366751194000244
1.1824018955230713
1.1858065128326416
1.1421418190002441
1.1857481002807617
1.1870026588439941
1.1782433986663818
1.1979777812957764
1.1428883075714111
1.2790615558624268
1.1864662170410156
1.2205281257629395
1.2744700908660889
1.439591646194458
1.3014473915100098
1.1910357475280762
1.1608610153198242
1.22883939743042
1.2055823802947998
1.1517536640167236
1.2663159370422363
1.1588382720947266
1.2202982902526855
1.184924602508545
1.180370569229126
1.2501800060272217
1.2137868404388428
1.1458508968353271
1.1641643047332764
1.242504596710205
1.1876206398010254
1.2482690811157227
1.1865806579589844
1.1535897254943848
1.2264018058776855
1.1517901420593262
1.2660808563232422
1.198493480682373
1.1846919059753418
1.1605498790740967
1.1972825527191162
1.1905341148376465
1.2114925384521484
1.1811919212341309
1.1781740188598633
1.2586846351623535
1.2183895111083984
1.1645338535308838
1.181469440460205
1.185377836227417
1.151456356048584
1.2179312705993652
1.147914171218872
1.2344176769256592
1.199904203414917
1.154311180114746
1.2502198219299316
1.1901600360870361
1.162264108657837
1.1929795742034912
1.1821649074554443
1.185509204864502
1.2581567764282227
1.1866559982299805
1.284738540649414
1.189836025238037
1.1505208015441895
1.232154369354248
1.1866860389709473
1.2472152709960938
1.2003097534179688
1.1542205810546875
1.215261697769165
1.1828291416168213
1.1765127182006836
1.2401366233825684
1.23380708694458
1.1456072330474854
1.2155845165252686
1.2148127555847168
1.2493007183074951
1.185837984085083
1.1541171073913574
1.2105035781860352
1.161562204360962
1.2877089977264404
1.2218618392944336
1.1898539066314697
1.1418187618255615
1.226447582244873
1.1500232219696045
1.2120678424835205
1.193418264389038
1.1550614833831787
1.275334119796753
1.1972217559814453
1.154637098312378
1.2302088737487793
1.1745936870574951
1.187136173248291
1.2407643795013428
1.1550467014312744
1.3146049976348877
1.2101521492004395
1.1482212543487549
1.2028489112854004
1.1483252048492432
1.197380781173706
1.1855452060699463
1.1451334953308105
1.2709219455718994
1.20173978805542
1.2671124935150146
1.2057905197143555
1.2129507064819336
1.156456470489502
1.2191784381866455
1.2558560371398926
1.3392794132232666
1.1912004947662354
1.1720492839813232
1.1452972888946533
1.161329984664917
1.1745657920837402
1.1947665214538574
1.185920000076294
1.1787338256835938
1.2257869243621826
1.1895036697387695
1.2303063869476318
1.2201271057128906
1.1580862998962402
1.208322286605835
1.214693546295166
1.1475393772125244
1.1912181377410889
1.1824467182159424
1.1436185836791992
1.2421059608459473
1.1771306991577148
1.3277060985565186
1.2058510780334473
1.1540396213531494
1.1936335563659668
1.1517736911773682
1.2017855644226074
1.1952683925628662
1.1736631393432617
1.2630467414855957
1.1904895305633545
1.2094390392303467
1.2100660800933838
1.1937365531921387
1.1462411880493164
1.1914002895355225
1.1848742961883545
1.205371379852295
1.19386887550354
1.1728382110595703
1.253612756729126
1.199124813079834
1.1939020156860352
1.2035140991210938
1.1902844905853271
1.1482563018798828
1.1977474689483643
1.1558825969696045
1.184980869293213
1.2008311748504639
1.1467008590698242
1.240485429763794
1.1894137859344482
1.3285481929779053
1.2266979217529297
1.1706652641296387
1.1583285331726074
1.199974536895752
1.1875855922698975
1.1978490352630615
1.198493242263794
1.2870526313781738
1.203599214553833
1.23991060256958
1.2004358768463135
1.17848539352417
1.1799812316894531
1.2171211242675781
1.19901704788208
1.2299792766571045
1.1947243213653564
1.1867761611938477
1.2071342468261719
1.1893389225006104
1.1597142219543457
1.191281795501709
1.1961250305175781
1.1467032432556152
1.2045316696166992
1.190352439880371
1.2128448486328125
1.1891393661499023
1.184352159500122
1.2187678813934326
1.1913208961486816
1.1663312911987305
1.2004070281982422
1.1935584545135498
1.1461021900177002
1.2152636051177979
1.2015304565429688
1.2328827381134033
1.20578932762146
1.1557538509368896
1.2509994506835938
1.2187745571136475
1.1619789600372314
1.2020843029022217
1.1958978176116943
1.2896227836608887
1.1958990097045898
1.2671504020690918
1.1936404705047607
1.1990458965301514
1.143507719039917
1.210817813873291
1.2126407623291016
1.218651294708252
1.1882781982421875
1.1571245193481445
1.2629735469818115
1.1896138191223145
1.1778767108917236
1.1878669261932373
1.1877071857452393
1.1607415676116943
1.2179548740386963
1.153379201889038
1.1895427703857422
1.1919715404510498
1.146439790725708
1.2422645092010498
1.1485066413879395
1.3183133602142334
1.188810110092163
1.2105755805969238
1.1517276763916016
1.2336537837982178
1.205247402191162
1.1988422870635986
1.1940770149230957
1.1601996421813965
1.2783215045928955
1.190854549407959
1.201249122619629
1.1997039318084717
1.1872029304504395
1.2491438388824463
1.1541895866394043
1.3448519706726074
1.1938083171844482
1.1661434173583984
1.143538475036621
1.1869778633117676
1.1416206359863281
1.1966021060943604
1.186486005783081
1.1618931293487549
1.2461769580841064
1.1436703205108643
1.208423137664795
1.1916916370391846
1.1534483432769775
1.1977109909057617
1.1935844421386719
1.207998275756836
1.1948881149291992
1.187018632888794
1.2320458889007568
1.1889889240264893
1.2886226177215576
1.2088432312011719
1.169433355331421
1.1817443370819092
1.318913459777832
1.1832339763641357
1.4501569271087646
1.2121357917785645
1.163949728012085
1.1464037895202637
1.1881725788116455
1.1874380111694336
1.218306064605713
1.217155933380127
1.173778772354126
1.7359116077423096
1.2223098278045654
1.2100591659545898
1.1615591049194336
1.2081763744354248
1.1863479614257812
1.1921441555023193
1.2129406929016113
1.1539838314056396
1.2468879222869873
1.237109899520874
1.204359531402588
1.2112460136413574
1.2259137630462646
1.1502280235290527
1.2308871746063232
1.1529767513275146
1.200803279876709
1.1756772994995117
1.1578459739685059
1.2297346591949463
1.1892621517181396
1.2566375732421875
1.1897680759429932
1.1550607681274414
1.2129833698272705
1.182377815246582
1.1669566631317139
1.2112843990325928
1.1950170993804932
1.165513038635254
1.2081868648529053
1.2380921840667725
1.3061623573303223
1.1979529857635498
1.2140717506408691
1.172898530960083
1.203791856765747
1.1960434913635254
1.163010835647583
1.1737961769104004
1.2844231128692627
1.1648237705230713
1.3009114265441895
1.188462734222412
1.1785032749176025
1.1463184356689453
1.1610150337219238
1.169215202331543
1.1903133392333984
1.1917245388031006
10.464801549911499
1.1980409622192383
1.1791505813598633
1.2641613483428955
1.2021868228912354
1.2888035774230957
1.1930594444274902
1.1767709255218506
1.2436351776123047
1.1958813667297363
1.309943675994873
1.212080717086792
1.1772947311401367
1.1601345539093018
1.2189452648162842
1.19244384765625
1.2277679443359375
1.1858294010162354
1.151515007019043
1.2416603565216064
1.181288480758667
1.2825233936309814
1.1983940601348877
1.2023320198059082
1.202035665512085
1.1826283931732178
1.2168636322021484
1.1953535079956055
1.1446902751922607
1.229752540588379
1.1508896350860596
1.2161576747894287
1.2109110355377197
1.1587553024291992
1.234468698501587
1.2220427989959717
1.1654596328735352
1.1947274208068848
1.196352243423462
1.173438310623169
1.233039140701294
1.192420244216919
1.1884446144104004
1.1931674480438232
1.148432970046997
1.2769317626953125
1.1919007301330566
1.184819221496582
1.2105250358581543
1.1831023693084717
1.1430375576019287
1.1974761486053467
1.1908857822418213
1.3128657341003418
1.2147271633148193
1.2361562252044678
1.1825084686279297
1.2051756381988525
1.1870942115783691
1.206559419631958
1.196709394454956
1.1481127738952637
1.2838709354400635
1.1820664405822754
1.2276287078857422
1.2219829559326172
1.148061990737915
1.270597219467163
1.1999459266662598
1.3135027885437012
1.1945972442626953
1.178419589996338
1.162980079650879
1.1637749671936035
1.1961901187896729
1.203683614730835
1.1873979568481445
1.1522650718688965
1.2111802101135254
1.1598803997039795
1.2190077304840088
1.2097492218017578
1.1927008628845215
1.2242672443389893
1.1932380199432373
1.1584091186523438
1.2069628238677979
1.1980459690093994
1.1508522033691406
1.2018232345581055
1.1532554626464844
1.2101433277130127
1.1997125148773193
1.1902787685394287
1.2236602306365967
1.1569385528564453
1.2722711563110352
1.218273639678955
1.195734977722168
1.1493487358093262
1.1566014289855957
1.2356791496276855
1.2187480926513672
1.1714344024658203
1.2355718612670898
1.2248156070709229
1.1684856414794922
1.227487564086914
1.2002768516540527
1.1520955562591553
1.2287986278533936
1.18528413772583
1.2235338687896729
1.183861255645752
1.1584961414337158
1.23140549659729
1.213827133178711
1.1606338024139404
1.1930890083312988
1.1960065364837646
1.1477527618408203
1.2258853912353516
1.191634178161621
1.2114477157592773
1.1898443698883057
1.178795576095581
1.2260019779205322
1.213266134262085
1.1631321907043457
1.2049229145050049
1.191338300704956
1.1577715873718262
1.198761224746704
1.2002825736999512
1.2285127639770508
1.192298173904419
1.1520466804504395
1.2723019123077393
1.166172981262207
1.1841871738433838
1.1965265274047852
1.1528139114379883
1.241060495376587
1.2039496898651123
1.2611289024353027
1.1902287006378174
1.157799243927002
1.215679407119751
1.1497442722320557
1.2553472518920898
1.2253847122192383
1.2367417812347412
1.1470234394073486
1.2371270656585693
1.1537299156188965
1.2065844535827637
1.184061050415039
1.1489057540893555
1.2544498443603516
1.1913559436798096
1.275230884552002
1.1876850128173828
1.2038190364837646
1.1451873779296875
1.1991453170776367
1.2039389610290527
1.1886215209960938
1.1992413997650146
1.1609265804290771
1.2629916667938232
1.184701919555664
1.2104461193084717
1.2004365921020508
1.177283763885498
1.241039514541626
1.19667387008667
1.225080966949463
1.1769015789031982
1.1737639904022217
1.2268588542938232
1.1475892066955566
1.2039835453033447
1.1959469318389893
1.1726861000061035
1.2329211235046387
1.1938464641571045
1.1672015190124512
1.1962461471557617
1.1888315677642822
1.1427173614501953
1.178262710571289
1.176560878753662
1.2527399063110352
1.2000949382781982
1.1643280982971191
1.2467308044433594
1.1906285285949707
1.1824567317962646
1.202977180480957
1.1970241069793701
1.3468387126922607
1.219745397567749
1.1883132457733154
1.2344603538513184
1.216850996017456
1.1639811992645264
1.212907314300537
1.1968905925750732
1.283207654953003
1.270002841949463
1.2007837295532227
1.1489124298095703
1.2146151065826416
1.1881754398345947
1.3332312107086182
1.1706233024597168
1.1460223197937012
1.2018907070159912
1.1930253505706787
1.2793331146240234
1.1883900165557861
1.1539838314056396
1.2110772132873535
1.1943061351776123
1.1657826900482178
1.204042673110962
1.1891546249389648
1.149738073348999
1.2158253192901611
1.2243647575378418
1.2128448486328125
1.1855261325836182
1.159808874130249
1.2461681365966797
1.1846859455108643
1.193533182144165
1.1912236213684082
1.1936941146850586
1.1464653015136719
1.2073590755462646
1.226369857788086
1.223992109298706
1.185042142868042
1.2156546115875244
1.1535027027130127
1.2030658721923828
1.1534061431884766
1.2648050785064697
1.196437120437622
1.1812176704406738
1.2519800662994385
1.1615710258483887
1.2930161952972412
1.1869971752166748
1.1487281322479248
1.2192111015319824
1.1838042736053467
1.1974999904632568
1.211087942123413
1.1646974086761475
1.2594850063323975
1.174867868423462
1.2352778911590576
1.1896066665649414
1.180823564529419
1.153970718383789
1.2146937847137451
1.1530466079711914
1.1861681938171387
1.1899604797363281
1.2017631530761719
1.2835578918457031
1.195967674255371
1.2069063186645508
1.1925463676452637
1.1972286701202393
1.1853089332580566
1.2270424365997314
1.1781530380249023
1.209683895111084
1.1956934928894043
1.15482497215271
1.2505362033843994
1.186739206314087
1.176011323928833
1.204880714416504
1.1996572017669678
1.158900499343872
1.201918363571167
1.1862306594848633
1.236741065979004
1.153693675994873
1.1783726215362549
1.1880388259887695
1.1504709720611572
1.19813871383667
1.2092690467834473
1.1534554958343506
1.2420995235443115
1.1655077934265137
1.3788280487060547
1.1921463012695312
1.1548516750335693
1.1910967826843262
1.1874160766601562
1.1471054553985596
1.1990025043487549
1.1940758228302002
1.1532173156738281
1.2034313678741455
1.1920876502990723
1.2266724109649658
1.2203402519226074
1.1773858070373535
1.1768481731414795
1.1862454414367676
1.152649164199829
1.1876680850982666
1.1870827674865723
1.1474459171295166
1.2051942348480225
1.1731462478637695
1.2164015769958496
1.1966588497161865
1.1462562084197998
1.2768261432647705
1.1814520359039307
1.20924973487854
1.195873498916626
1.1752560138702393
1.2804791927337646
1.196857213973999
1.2185282707214355
1.1850430965423584
1.178680658340454
1.1488261222839355
1.2115778923034668
1.140169620513916
1.2037057876586914
1.215268611907959
1.1493780612945557
1.2346370220184326
1.190152645111084
1.281343936920166
1.1956422328948975
1.1606452465057373
1.1682696342468262
1.191727638244629
1.152463436126709
1.216491937637329
1.2249553203582764
1.1845555305480957
1.221480131149292
1.1965157985687256
1.2927649021148682
1.1832828521728516
1.1886212825775146
1.1469483375549316
1.2274689674377441
1.1613080501556396
1.228583574295044
1.1928496360778809
1.1753735542297363
1.1935114860534668
1.1983928680419922
1.1919910907745361
1.1857874393463135
-7524.885271072388
1.1993098258972168
1.2754826545715332
1.2232091426849365
1.2023155689239502
1.1739089488983154
1.1911306381225586
1.1980080604553223
1.1862468719482422
1.1949265003204346
1.154909610748291
1.2599120140075684
1.1953094005584717
1.2527337074279785
1.2000727653503418
1.19818115234375
1.236013650894165
1.2457761764526367
1.2185523509979248
1.2032124996185303
1.1967792510986328
1.1977500915527344
1.2276878356933594
1.2067620754241943
1.1554622650146484
1.1905765533447266
1.1735191345214844
1.1725051403045654
1.1970431804656982
1.203904628753662
1.1956138610839844
1.2049312591552734
1.1986057758331299
1.2217371463775635
1.207899808883667
1.1825768947601318
1.2659955024719238
1.206575870513916
7527.325240135193
1.180250644683838
1.156848430633545
1.2310974597930908
1.2163703441619873
1.1628081798553467
1.1918115615844727
1.2143187522888184
1.2034647464752197
1.2063424587249756
1.147871971130371
1.2745985984802246
1.227170467376709
1.1816363334655762
1.2150154113769531
1.1848387718200684
1.1690948009490967
1.2204039096832275
1.187598705291748
1.1994974613189697
1.1896698474884033
1.1481664180755615
1.4389445781707764
1.2385411262512207
1.1736044883728027
1.1890783309936523
1.1811532974243164
1.1821560859680176
1.2776668071746826
1.223452091217041
1.1933529376983643
1.21990966796875
1.2189867496490479
1.1650910377502441
1.2381606101989746
1.2306087017059326
1.3560535907745361
1.174358606338501
1.1973717212677002
1.3485596179962158
1.2610909938812256
1.1865391731262207
1.2946007251739502
1.191664457321167
1.1589291095733643
1.1398131847381592
1.1823821067810059
1.1903786659240723
1.185283899307251
1.17537522315979
1.1732165813446045
1.2162868976593018
1.168726921081543
1.1950671672821045
1.1491010189056396
1.2497155666351318
1.1839966773986816
1.301487922668457
1.194321632385254
1.1756887435913086
1.1610236167907715
1.1676077842712402
1.1876873970031738
1.3218286037445068
1.1880712509155273
1.1375539302825928
1.2539961338043213
1.1655895709991455
1.2207469940185547
1.1786701679229736
1.171922206878662
1.138063669204712
1.1945722103118896
1.1716053485870361
1.1858110427856445
1.173651933670044
1.1375823020935059
1.235844612121582
1.1974475383758545
1.2775940895080566
1.1841418743133545
1.1842236518859863
1.1573407649993896
1.1892585754394531
1.145129680633545
1.227315902709961
1.2014422416687012
1.263831615447998
1.2057578563690186
1.1710002422332764
1.192934513092041
1.2075562477111816
1.1844890117645264
1.194054126739502
1.225182056427002
1.1805081367492676
1.2088539600372314
1.1697032451629639
1.2169387340545654
1.1953539848327637
1.187190055847168
1.1387476921081543
1.2037060260772705
1.1786091327667236
1.1983850002288818
1.1978418827056885
1.143266201019287
1.2822339534759521
1.1435554027557373
1.2272017002105713
1.1706290245056152
1.211364507675171
1.1389634609222412
1.2062597274780273
1.1780471801757812
1.2253832817077637
1.2041447162628174
1.188929796218872
1.2743890285491943
1.148590326309204
1.189521074295044
1.1367409229278564
1.200613021850586
1.1539757251739502
1.2012531757354736
1.2275469303131104
1.1560344696044922
1.2231800556182861
1.1424205303192139
1.1994152069091797
1.187406301498413
1.1410799026489258
1.251058578491211
1.1481037139892578
1.2897799015045166
1.1885271072387695
1.1779046058654785
1.1429169178009033
1.14616060256958
1.1783385276794434
1.1882333755493164
1.1967053413391113
1.1381099224090576
1.209913969039917
1.1963143348693848
1.2895488739013672
1.188596248626709
1.1755645275115967
1.1406879425048828
1.176145315170288
1.1402299404144287
1.1792969703674316
1.2050364017486572
1.1515297889709473
1.2187778949737549
1.1594069004058838
1.2391529083251953
1.189647912979126
1.1432757377624512
1.1933362483978271
1.1867845058441162
1.2014079093933105
1.1938462257385254
1.1398952007293701
1.2763442993164062
1.2706794738769531
1.1606225967407227
1.1804494857788086
1.193472146987915
1.1399219036102295
1.2365210056304932
1.1779065132141113
1.23262357711792
1.2111108303070068
1.1446142196655273
1.249934434890747
1.1458425521850586
1.2585227489471436
1.1961159706115723
1.1815130710601807
1.127807378768921
1.2070960998535156
1.149407148361206
1.1913998126983643
1.1898736953735352
1.1390814781188965
1.2885816097259521
1.1704273223876953
1.2599291801452637
1.1856253147125244
1.1866695880889893
1.1862940788269043
1.205188274383545
1.1890294551849365
1.284836769104004
1.203770637512207
1.1509690284729004
1.1973800659179688
1.183821439743042
1.2420835494995117
1.193913221359253
1.1543326377868652
1.2376418113708496
1.4308454990386963
1.1714303493499756
1.998262643814087
1.204815149307251
1.2199082374572754
1.2100212574005127
1.1837213039398193
1.2232086658477783
1.19368314743042
1.2855665683746338
1.2166013717651367
1.3675155639648438
1.1337649822235107
1.21138596534729
1.2050647735595703
1.3667688369750977
1.1944880485534668
1.173809289932251
1.1647241115570068
1.2254722118377686
1.191171407699585
1.2008190155029297
1.1932730674743652
1.1491472721099854
1.2719738483428955
1.1616320610046387
1.2026684284210205
1.204120397567749
1.1942784786224365
1.152534008026123
1.2353217601776123
1.2828361988067627
1.1901741027832031
1.1771624088287354
1.1489288806915283
1.2163629531860352
1.1578783988952637
1.1831674575805664
1.2147209644317627
1.175072431564331
1.261756420135498
1.2105729579925537
1.2658891677856445
1.1971180438995361
1.2305107116699219
1.148829698562622
1.2065672874450684
1.150085687637329
1.3894908428192139
1.1930959224700928
1.1664526462554932
1.1425633430480957
1.1876606941223145
1.1713354587554932
1.1926770210266113
1.1920833587646484
1.1725473403930664
1.2368040084838867
1.1565518379211426
1.2603893280029297
1.2066476345062256
1.1595158576965332
1.182044267654419
1.1896483898162842
1.2234337329864502
1.2164251804351807
1.1856155395507812
1.1811938285827637
1.1522843837738037
1.2726492881774902
1.1802475452423096
1.1523165702819824
1.2325506210327148
1.1177473068237305
1.157566785812378
1.1931002140045166
1.201094150543213
8.499252796173096
1.2885830402374268
1.1927454471588135
1.1887085437774658
1.1807136535644531
1.2240347862243652
1.2275640964508057
1.2591865062713623
1.2034192085266113
1.1681578159332275
1.1717455387115479
1.2330868244171143
1.1862092018127441
1.202566146850586
1.2183411121368408
1.1667873859405518
1.263254165649414
1.1947171688079834
1.1499276161193848
1.1948719024658203
1.188291072845459
1.146256685256958
1.1975147724151611
1.2058265209197998
1.248899221420288
1.2235026359558105
1.1775338649749756
1.2484829425811768
1.1477718353271484
1.2436327934265137
1.2132070064544678
1.1725585460662842
1.1631596088409424
1.1589255332946777
1.175666332244873
1.1941063404083252
1.192336082458496
1.1309788227081299
1.189279556274414
1.1617975234985352
1.2037138938903809
1.1880245208740234
1.1896042823791504
1.3798081874847412
1.1929380893707275
1.1582634449005127
1.2053802013397217
1.203214406967163
1.2357091903686523
1.2936410903930664
1.1574015617370605
1.1986052989959717
1.1950068473815918
1.159963607788086
1.2544045448303223
1.2155182361602783
1.160069227218628
1.2165093421936035
1.2012739181518555
1.1442246437072754
1.2588822841644287
1.1937713623046875
1.2811875343322754
1.2096350193023682
1.1945958137512207
1.1487271785736084
1.1950960159301758
1.3838891983032227
1.1912891864776611
1.156048059463501
1.1459746360778809
1.1675114631652832
1.1492137908935547
1.1710376739501953
1.1832425594329834
1.1485528945922852
1.196904182434082
1.1338040828704834
1.2059440612792969
1.1786472797393799
1.1785805225372314
1.2908580303192139
1.2033302783966064
1.1627793312072754
1.197077751159668
1.193769931793213
1.1469371318817139
1.2446625232696533
1.147993803024292
1.2254996299743652
1.1890623569488525
1.1471836566925049
1.2366864681243896
1.180438756942749
1.1566658020019531
1.1889386177062988
1.2039453983306885
1.1459863185882568
1.2277345657348633
1.1905772686004639
1.3256359100341797
1.1744911670684814
1.17022705078125
1.1269829273223877
1.19040846824646
1.294849157333374
1.211859941482544
1.1801705360412598
1.1450817584991455
1.137366771697998
1.1836681365966797
1.1868033409118652
1.1737713813781738
1.1268980503082275
1.223707914352417
1.1503231525421143
1.2011041641235352
1.1784045696258545
1.161832571029663
1.2189631462097168
1.1593518257141113
1.2020642757415771
1.19382905960083
1.1717233657836914
1.1432077884674072
1.2164719104766846
1.1621239185333252
1.2449994087219238
1.1973905563354492
1.1358065605163574
1.2184906005859375
1.181032419204712
1.146477222442627
1.1807811260223389
1.1897704601287842
1.181169033050537
1.1885802745819092
1.1507925987243652
1.1878852844238281
1.1991503238677979
1.1454033851623535
1.2823996543884277
1.2050094604492188
1.1893393993377686
1.1973700523376465
1.1626296043395996
1.256049394607544
1.1777825355529785
1.1985468864440918
1.2097160816192627
1.1565005779266357
1.224571943283081
1.1984121799468994
1.1962902545928955
1.194993257522583
1.175513505935669
1.1464157104492188
1.2077276706695557
1.188969612121582
1.291614294052124
1.195363998413086
1.173048734664917
1.172290563583374
1.192892074584961
1.1416497230529785
1.194298505783081
1.1979608535766602
1.1838860511779785
1.242255687713623
1.1876144409179688
1.2973804473876953
1.1968598365783691
1.171081781387329
1.1667625904083252
1.215620756149292
1.169149398803711
1.1989974975585938
1.176741123199463
1.1501386165618896
1.2678768634796143
1.1444485187530518
1.1957390308380127
1.197601318359375
1.1292009353637695
1.2794561386108398
1.1910440921783447
1.2152011394500732
1.1877782344818115
1.173626184463501
1.155064582824707
1.2030279636383057
1.1516897678375244
1.2065372467041016
1.1748735904693604
1.255615472793579
1.2532720565795898
1.1583435535430908
1.20066237449646
1.198702096939087
1.1711442470550537
1.204888105392456
1.1359796524047852
1.2523505687713623
1.167830228805542
1.178337574005127
1.1481704711914062
1.2218785285949707
1.1844494342803955
1.2345025539398193
1.182743787765503
1.1296463012695312
1.2743935585021973
1.1973552703857422
1.1737112998962402
1.1683521270751953
1.1917450428009033
1.1484816074371338
1.1892166137695312
1.202019214630127
1.209733247756958
1.1764814853668213
1.146143913269043
1.1866295337677002
1.1546106338500977
1.175924301147461
1.1585934162139893
1.146667718887329
1.2254629135131836
1.1870253086090088
1.2973840236663818
1.197951078414917
1.1819086074829102
1.148216724395752
1.2018766403198242
1.209712028503418
1.2099061012268066
1.1944069862365723
1.154973030090332
1.234170913696289
1.1936964988708496
1.155754804611206
1.2001442909240723
1.1856145858764648
1.1859519481658936
1.2328524589538574
1.1511561870574951
1.211852788925171
1.1971399784088135
1.1275959014892578
1.2552475929260254
1.1514811515808105
1.2664330005645752
1.1951212882995605
1.177323341369629
1.129321813583374
1.220672845840454
1.243636131286621
1.1721115112304688
1.1540586948394775
1.2254559993743896
1.200014352798462
1.1635594367980957
1.1849753856658936
1.1782381534576416
1.1460089683532715
1.1743323802947998
1.1594455242156982
1.1784884929656982
1.1820223331451416
1.156745433807373
1.2990169525146484
1.208838939666748
1.139014482498169
1.202293872833252
1.1900954246520996
1.1556270122528076
1.193552017211914
1.1416635513305664
1.174938440322876
1.215714454650879
1.1578621864318848
1.260012149810791
1.1775128841400146
1.2611825466156006
1.1949565410614014
1.184394359588623
1.126676082611084
1.1885461807250977
1.1899139881134033
1.3195030689239502
1.1981606483459473
1.192089557647705
1.1448304653167725
1.1878485679626465
1.2018258571624756
1.1501977443695068
1.1473915576934814
1.2351818084716797
1.1347806453704834
1.2508175373077393
1.1888482570648193
1.156625747680664
1.2232856750488281
1.140002965927124
1.202707052230835
1.1959850788116455
1.189953088760376
1.1762795448303223
1.1968233585357666
1.1864080429077148
1.2295763492584229
1.169196367263794
1.1537082195281982
1.2117204666137695
1.2081408500671387
1.1749625205993652
1.230245590209961
1.1956534385681152
1.179271936416626
1.3031535148620605
1.1590909957885742
1.240410327911377
1.189586877822876
1.191887617111206
1.1258187294006348
1.2034244537353516
1.2044386863708496
1.2969002723693848
1.1985840797424316
1.1621463298797607
1.1527211666107178
1.1718714237213135
1.1837396621704102
1.2109713554382324
1.1479535102844238
1.25325345993042
1.1870794296264648
1.2368957996368408
1.1843433380126953
1.208219051361084
1.7276880741119385
1.2760801315307617
1.1736583709716797
1.2184360027313232
1.222505807876587
1.2310149669647217
1.1466147899627686
1.219655990600586
1.1944313049316406
1.2800562381744385
1.1876392364501953
1.1370058059692383
1.1663532257080078
1.174849510192871
1.1606576442718506
1.2063591480255127
1.1917753219604492
1.1317448616027832
1.1938543319702148
1.1874146461486816
1.2041370868682861
1.1956212520599365
1.1642346382141113
1.2281339168548584
1.1959593296051025
1.1226418018341064
1.1931383609771729
1.1691226959228516
1.1288769245147705
1.168208360671997
-7525.107554197311
1.2002170085906982
1.1728763580322266
1.1582834720611572
1.1644387245178223
1.151864767074585
1.1939921379089355
1.1931822299957275
1.1439769268035889
1.1961331367492676
1.1499886512756348
1.201625108718872
1.187575340270996
1.148716688156128
1.2653095722198486
1.1788392066955566
1.1664807796478271
1.1937193870544434
1.1861803531646729
1.177661418914795
1.2637293338775635
1.20766019821167
1.283229112625122
1.1928431987762451
1.164625644683838
1.1465444564819336
1.1855173110961914
1.225538730621338
1.2625946998596191
1.2047138214111328
1.1787447929382324
1.2194340229034424
1.1529808044433594
1.1713683605194092
1.171050786972046
1.1748440265655518
1.1251716613769531
1.2180345058441162
1.2913048267364502
1.1962590217590332
1.1568105220794678
1.1498489379882812
1.1625745296478271
1.180281162261963
1.188643455505371
1.1955342292785645
1.1314189434051514
1.2304987907409668
1.1629095077514648
1.2381198406219482
1.191857099533081
1.1768362522125244
1.1772775650024414
1.1909253597259521
1.1581230163574219
1.190643548965454
1.2275748252868652
1.1295511722564697
1.1907320022583008
1.1968207359313965
1.2960166931152344
1.175295352935791
1.144634485244751
1.17067551612854
1.1994011402130127
1.1615111827850342
1.176499366760254
1.1695332527160645
1.1295933723449707
1.2002689838409424
1.152435064315796
1.2546393871307373
1.1844284534454346
1.1353914737701416
1.2490415573120117
1.1380138397216797
1.256575584411621
1.1565775871276855
1.141127109527588
1.2142128944396973
1.1854643821716309
1.300372838973999
1.197566032409668
1.1588106155395508
1.1284050941467285
1.1676814556121826
1.163794755935669
1.2102851867675781
1.1957974433898926
1.2525403499603271
1.2471122741699219
1.2044157981872559
1.2479629516601562
1.1705257892608643
1.1966900825500488
1.2711575031280518
1.2669777870178223
1.4102282524108887
1.28733491897583
1.2272014617919922
1.1926393508911133
1.1281397342681885
1.1809742450714111
1.1357769966125488
1.2023775577545166
1.1757450103759766
1.1499974727630615
1.270456314086914
1.1724131107330322
1.2495338916778564
1.1934525966644287
1.186352252960205
1.1554310321807861
1.1935756206512451
1.2766494750976562
1.185882568359375
1.175560474395752
1.1468548774719238
1.1370270252227783
1.1657085418701172
1.1850824356079102
1.1940460205078125
1.1271820068359375
1.206563949584961
1.133063793182373
1.2058312892913818
1.2046751976013184
1.1396169662475586
1.2518694400787354
1.1688892841339111
1.200523853302002
1.202641248703003
1.1937148571014404
1.1815967559814453
1.1919834613800049
1.1403982639312744
1.2389552593231201
1.1748437881469727
1.1533594131469727
1.259415864944458
1.2953619956970215
1.1943306922912598
1.1998209953308105
1.1778960227966309
1.1745312213897705
1.279590368270874
1.1674911975860596
1.1655116081237793
1.1651880741119385
1.1780292987823486
1.1429641246795654
1.1931321620941162
-7525.105312824249
1.2043592929840088
1.2795071601867676
1.1254780292510986
1.180293321609497
1.1866111755371094
1.1603577136993408
1.1745285987854004
1.1273910999298096
1.2370107173919678
1.2012720108032227
1.2683913707733154
1.19862699508667
1.1959869861602783
1.1362340450286865
1.1967713832855225
1.1756706237792969
1.1666734218597412
1.1815791130065918
1.162947654724121
1.2772674560546875
1.15120267868042
1.2722523212432861
1.1847901344299316
1.156174659729004
1.1465578079223633
1.169316291809082
1.135572910308838
1.2145369052886963
1.1860520839691162
1.1483056545257568
1.2147400379180908
1.1762075424194336
1.324326753616333
1.181718111038208
1.1792993545532227
1.1828522682189941
1.1951642036437988
-7525.204726457596
1.1775262355804443
1.1402647495269775
1.2437496185302734
1.16825532913208
1.1750965118408203
1.191587209701538
1.1954894065856934
1.1626386642456055
1.2290539741516113
1.1866340637207031
1.3030447959899902
1.1965761184692383
1.1447558403015137
1.1443679332733154
1.2446215152740479
1.188037633895874
1.167259693145752
1.189408540725708
1.1492197513580322
1.1976878643035889
1.1685292720794678
1.289506196975708
1.1859722137451172
1.1503565311431885
1.140052080154419
1.1579787731170654
1.1716570854187012
1.2107486724853516
1.2028756141662598
1.1673786640167236
1.239276647567749
1.1740972995758057
1.3248310089111328
1.2048003673553467
1.1660230159759521
1.2219159603118896
1.2141704559326172
1.2526302337646484
1.2007851600646973
1.1812262535095215
1.1907055377960205
1.199836015701294
1.1422028541564941
1.1933033466339111
1.1680195331573486
1.1618056297302246
1.2376878261566162
1.1769745349884033
1.2899360656738281
1.1968801021575928
1.1466026306152344
1.1271131038665771
1.1749882698059082
1.171483039855957
1.2022349834442139
1.1769208908081055
1.1442475318908691
1.2208020687103271
1.1479604244232178
1.1928622722625732
1.1727774143218994
1.1469473838806152
1.2752337455749512
1.187873363494873
1.1961984634399414
1.1823945045471191
1.1772801876068115
1.1305205821990967
1.1949841976165771
1.1974725723266602
1.173227310180664
1.1668262481689453
1.1285386085510254
1.2139778137207031
1.168623924255371
1.323387861251831
1.1541318893432617
1.1422936916351318
1.2200517654418945
1.1793205738067627
1.1872482299804688
1.163698673248291
1.216073989868164
1.243837594985962
1.1880931854248047
1.1625373363494873
1.1944572925567627
1.1797044277191162
1.1275038719177246
1.229111909866333
7527.542310714722
1.1883444786071777
1.2252099514007568
1.1553738117218018
1.1967883110046387
1.152987003326416
1.2191948890686035
1.1914393901824951
1.1752822399139404
1.1474227905273438
1.2258327007293701
1.1616847515106201
1.1813442707061768
1.1752362251281738
1.1523184776306152
1.2998394966125488
1.1565051078796387
1.2328143119812012
1.1763043403625488
1.177847146987915
1.1286439895629883
1.2018711566925049
1.1502585411071777
1.1950228214263916
1.1611905097961426
1.198047161102295
1.1773433685302734
1.176565408706665
1.1977651119232178
1.2098069190979004
1.1495254039764404
1.216817855834961
1.3329546451568604
1.2798902988433838
1.1879854202270508
1.1896073818206787
1.1313347816467285
1.1830213069915771
1.168325424194336
1.186840534210205
1.199833869934082
1.1490094661712646
1.206608772277832
1.1701405048370361
1.1994662284851074
1.184854507446289
1.1798007488250732
1.1769609451293945
1.1895451545715332
1.1620049476623535
1.2006754875183105
1.1919281482696533
1.1368839740753174
1.2408561706542969
1.1765961647033691
1.1729965209960938
1.20477294921875
1.1688618659973145
1.1284029483795166
1.2295725345611572
1.2002544403076172
1.2927491664886475
1.1597118377685547
1.1670565605163574
1.1823713779449463
1.1666555404663086
1.1798453330993652
1.1673755645751953
1.154998540878296
1.257847547531128
1.1688685417175293
1.1733644008636475
1.1981101036071777
1.1939890384674072
1.1374118328094482
1.1853644847869873
1.1785063743591309
1.3146376609802246
1.3314902782440186
1.1721043586730957
1.1296467781066895
1.1860215663909912
1.1701970100402832
1.2263638973236084
1.169846534729004
1.1740565299987793
1.2064616680145264
1.5874645709991455
1.1472947597503662
1.5762689113616943
1.288635492324829
1.195753574371338
1.153559684753418
1.1444473266601562
1.1889712810516357
1.1462137699127197
1.1768319606781006
1.1960117816925049
1.1675760746002197
1.1890878677368164
1.2807941436767578
1.175614595413208
1.1734745502471924
1.1268799304962158
1.1764824390411377
1.151578426361084
1.1685247421264648
1.1709644794464111
1.1755566596984863
1.2798020839691162
1.1372816562652588
1.2004990577697754
1.1782455444335938
1.1283459663391113
1.2766730785369873
1.154329776763916
1.269113302230835
1.1790845394134521
1.172114610671997
1.1472885608673096
1.2060742378234863
1.7889339923858643
1.1357526779174805
1.1871154308319092
1.1977689266204834
1.1301648616790771
1.2351195812225342
1.1556291580200195
1.2705836296081543
1.1915419101715088
1.171257495880127
1.1370060443878174
1.180579423904419
1.132385492324829
1.176833152770996
1.1964454650878906
1.1293015480041504
1.1381604671478271
1.2963221073150635
1.193310260772705
1.200500249862671
1.1327567100524902
1.2078609466552734
1.1693034172058105
1.1973681449890137
1.169844388961792
1.1304290294647217
1.2815492153167725
1.1799933910369873
1.2576425075531006
1.1955680847167969
1.1718323230743408
1.1322917938232422
1.2142763137817383
1.1935837268829346
1.1868765354156494
1.1678357124328613
1.1278841495513916
1.2513933181762695
1.1387934684753418
1.2721071243286133
1.2028427124023438
1.2135345935821533
1.146470069885254
1.235795497894287
1.116541862487793
1.188157320022583
1.1883788108825684
1.1321227550506592
1.2790844440460205
0.33944129943847656
0.28368091583251953
0.3008301258087158
0.3169114589691162
0.32140302658081055
1.1455895900726318
1.2383692264556885
1.2489593029022217
1.355712890625
1.251204013824463
1.1929011344909668
1.1903793811798096
1.3495457172393799
1.2558321952819824
1.1960268020629883
1.2872588634490967
1.420708417892456
1.2734456062316895
1.3328237533569336
1.2593092918395996
1.2153210639953613
1.1957576274871826
1.2557125091552734
1.159663438796997
1.1650371551513672
1.2237327098846436
1.1719996929168701
1.306652307510376
1.2158143520355225
1.2115516662597656
1.1731202602386475
1.1636724472045898
1.1967353820800781
1.2854931354522705
1.1963660717010498
1.1655328273773193
1.2839910984039307
1.1654903888702393
1.2640085220336914
1.1708462238311768
1.2084155082702637
1.3939261436462402
1.2303295135498047
1.1832923889160156
1.2342588901519775
1.1755290031433105
1.4622201919555664
1.444777488708496
1.2555646896362305
1.177640438079834
1.3809428215026855
1.733609676361084
1.1941702365875244
1.2653417587280273
1.2340772151947021
1.171750783920288
1.1353120803833008
1.2395217418670654
1.191232442855835
1.2073757648468018
1.2197487354278564
1.2235562801361084
1.2042121887207031
1.1469900608062744
1.189958095550537
1.1882963180541992
1.1402852535247803
1.2278165817260742
1.1468322277069092
1.2286899089813232
1.191162347793579
1.1419456005096436
1.2446043491363525
1.1694109439849854
1.1751041412353516
1.2047920227050781
1.1838316917419434
1.1386895179748535
1.2178318500518799
1.1506226062774658
1.19498610496521
1.1833851337432861
1.18491530418396
1.2097251415252686
1.1770479679107666
1.1911578178405762
1.180208683013916
1.1825532913208008
1.1513385772705078
1.2208271026611328
1.1778171062469482
1.2233304977416992
1.1819465160369873
1.1474659442901611
1.224254846572876
1.182924509048462
1.1933419704437256
1.1891708374023438
1.1449406147003174
1.2246718406677246
1.1830859184265137
1.2754716873168945
1.19710373878479
1.1560027599334717
1.1457126140594482
1.294724941253662
1.1486809253692627
1.1990790367126465
1.1846129894256592
1.1400668621063232
1.205310583114624
1.1446030139923096
1.2376720905303955
1.1700210571289062
1.173405408859253
1.1814367771148682
1.2838449478149414
1.185378074645996
1.1813268661499023
1.181577205657959
1.1399421691894531
1.2229278087615967
1.2138307094573975
1.277318000793457
1.1862313747406006
1.1501960754394531
1.1697826385498047
1.147477149963379
1.1776583194732666
1.1890881061553955
1.1927876472473145
1.1786234378814697
1.234651803970337
-7525.360177278519
1.1579935550689697
1.147430658340454
1.219153881072998
1.1682651042938232
1.1923556327819824
0.32015442848205566
0.38670825958251953
0.2793586254119873
0.43222618103027344
0.3148951530456543
1.254410982131958
1.1706933975219727
1.1990206241607666
1.2253825664520264
1.1762211322784424
0.3096895217895508
0.28484129905700684
0.3098938465118408
0.29259681701660156
1.1632859706878662
1.1366658210754395
1.2752184867858887
1.1921710968017578
1.2322032451629639
1.1893506050109863
1.206190824508667
1.185612678527832
1.2134385108947754
1.1383018493652344
1.2079546451568604
1.1783854961395264
1.1390774250030518
1.2861988544464111
1.1538505554199219
1.229646921157837
1.594496250152588
2.3384995460510254
1.2855401039123535
1.1366233825683594
1.3457262516021729
1.4243297576904297
1.2572684288024902
2.7344861030578613
10.550906896591187
1.3144865036010742
3.5799334049224854
1.3734948635101318
2.1130967140197754
3.883887767791748
4.089646339416504
7.311843395233154
1.2082016468048096
2.673318862915039
1.3907971382141113
1.6005034446716309
1.2012486457824707
2.0469563007354736
1.2059745788574219
1.1656560897827148
1.2924575805664062
1.1526379585266113
1.2746143341064453
1.1971948146820068
1.3101472854614258
1.1415655612945557
1.2051568031311035
2.0725419521331787
0.2626988887786865
0.27950000762939453
0.28171205520629883
1.5584561824798584
1.176306962966919
1.2367780208587646
1.1958191394805908
1.1700663566589355
1.1736650466918945
1.1965210437774658
1.156226396560669
1.2817790508270264
1.1658132076263428
0.2748572826385498
0.230637788772583
0.26799798011779785
0.2857365608215332
0.2765982151031494
0.36800169944763184
1.5475788116455078
1.2606701850891113
1.2415411472320557
1.2465519905090332
1.2831037044525146
1.217672348022461
1.2048780918121338
1.2169928550720215
1.282470703125
1.1781070232391357
1.203840732574463
1.1705067157745361
1.1758661270141602
1.1520030498504639
1.1737992763519287
1.2539453506469727
1.275846242904663
1.272791862487793
1.2740662097930908
1.2608191967010498
1.2504475116729736
1.206803560256958
1.2240564823150635
1.2821505069732666
1.3441991806030273
1.2485074996948242
1.2587883472442627
1.1946024894714355
1.2054228782653809
1.1619133949279785
1.2687852382659912
1.1622536182403564
1.3126540184020996
1.1640527248382568
1.1920514106750488
1.1600818634033203
1.1514134407043457
1.1369876861572266
1.1561813354492188
1.2051410675048828
1.2169256210327148
1.2892515659332275
